1
2
9
10
12
14
15
16
18
19
20
21
22
23
24
25
27
29
30
31
32
34
35
36
37
38
39
40
41
43
47
48
50
51
53
54
55
58
59
60
70
71
81
86
87
88
90
91
92
93
100
102
103
104
105
107
108
109
111
112
113
114
115
118
119
120
123
125
128
131
132
133
134
136
141
142
143
146
147
148
150
151
152
153
154
158
159
160
161
162
163
164
165
166
174
175
176
177
178
182
183
185
191
196
203
204
205
207
208
210
211
212
213
214
215
216
217
218
219
220
222
223
224
226
229
230
238
239
240
242
246
247
248
249
250
257
259
262
267
268
269
271
272
273
274
275
283
284
286
287
288
290
291
292
301
302
306
307
308
309
310
311
312
313
314
317
318
320
321
322
323
324
327
328
329
330
331
332
333
334
337
338
339
341
347
348
351
353
355
357
358
360
361
362
363
364
367
368
369
372
373
374
375
377
378
382
384
387
388
390
391
392
393
394
395
396
397
398
400
402
403
405
406
407
408
409
410
411
412
414
415
419
421
427
429
434
435
439
440
444
445
460
462
463
466
467
468
471
472
473
474
476
478
479
481
483
487
488
489
490
491
492
493
501
523
525
526
527
528
529
533
534
535
537
538
540
545
546
547
549
550
552
558
563
567
571
572
573
578
579
580
581
582
583
585
587
590
593
594
595
596
598
599
602
604
605
607
610
611
613
617
622
623
627
629
631
633
634
635
636
637
638
639
641
642
644
645
646
649
650
651
652
653
654
655
656
657
658
659
660
661
662
663
665
666
667
668
669
670
671
672
673
675
677
678
682
683
684
685
686
687
688
695
699
701
705
706
708
710
715
716
717
718
719
725
726
727
729
730
733
734
740
741
747
752
754
757
760
761
762
763
767
768
770
771
773
774
775
776
777
778
780
781
782
783
784
785
788
790
793
794
797
800
801
805
808
811
813
814
815
817
818
819
821
822
823
824
825
826
827
828
829
830
831
832
833
834
835
836
837
838
839
840
841
842
843
847
858
860
861
862
863
864
865
866
867
868
871
873
874
889
890
891
892
894
896
898
899
900
901
902
904
905
908
912
915
916
919
920
921
924
925
926
928
933
939
945
947
949
950
953
954
955
956
957
958
960
961
962
963
965
966
967
968
970
971
972
975
977
978
983
987
988
990
991
993
994
995
996
997
998
999
1000
1001
1002
1003
1004
1005
1006
1008
1009
1010
1012
1013
1014
1015
1016
1017
1019
1020
1021
1022
1024
1025
1026
1027
1029
1031
1032
1033
1036
1038
1039
1040
1041
1044
1045
1047
1048
1050
1051
1052
1054
1056
1058
1059
1062
1063
1070
1071
1072
1073
1075
1080
1081
1084
1087
1088
1089
1101
1102
1104
1105
1106
1107
1108
1109
1111
1112
1113
1116
1117
1119
1121
1122
1123
1124
1130
1131
1132
1136
1138
1140
1143
1144
1145
1147
1152
1153
1154
1155
1159
1160
1161
1173
1174
1175
1176
1179
1180
1181
1182
1183
1184
1185
1186
1187
1188
1191
1192
1195
1196
1198
1200
1201
1203
1207
1209
1211
1212
1213
1230
1235
1241
1244
1258
1259
1260
1261
1263
1265
1266
1267
1268
1271
1272
1277
1278
1280
1281
1282
1284
1285
1286
1287
1288
1289
1290
1291
1292
1293
1294
1295
1296
1297
1298
1299
1301
1302
1303
1305
1306
1307
1308
1310
1312
1314
1315
1316
1317
1318
1326
1327
1340
1347
1349
1352
1353
1355
1356
1358
1362
1363
1364
1365
1366
1368
1369
1371
1373
1374
1376
1378
1379
1380
1381
1382
1384
1385
1386
1387
1388
1389
1390
1393
1396
1397
1398
1399
1400
1407
1408
1412
1415
1417
1420
1421
1427
1428
1429
1431
1432
1434
1435
1436
1439
1441
1445
1452
1453
1455
1456
1457
1459
1462
1464
1465
1468
1470
1471
1472
1476
1477
1478
1479
1482
1486
1487
1488
1490
1491
1493
1495
1496
1497
1499
1501
1503
1506
1508
1509
1510
1512
1513
1519
1520
1521
1522
1523
1525
1528
1534
1535
1536
1537
1540
1543
1544
1553
1555
1557
1558
1559
1562
1565
1571
1573
1576
1577
1579
1580
1583
1586
1588
1591
1592
1593
1594
1600
1601
1602
1604
1605
1606
1608
1609
1610
1612
1613
1615
1616
1622
1627
1628
1629
1630
1632
1633
1634
1635
1636
1638
1639
1641
1642
1643
1644
1645
1646
1647
1650
1652
1653
1654
1655
1656
1657
1659
1660
1662
1663
1665
1666
1669
1674
1675
1676
1677
1690
1716
1717
1718
1723
1725
1727
1728
1729
1730
1734
1735
1736
1737
1738
1739
1741
1742
1743
1745
1746
1748
1749
1750
1755
1756
1757
1759
1760
1761
1762
1763
1767
1768
1769
1770
1773
1774
1775
1776
1777
1778
1780
1783
1785
1786
1787
1788
1789
1793
1794
1795
1796
1798
1800
1802
1803
1804
1805
1806
1808
1809
1810
1811
1813
1815
1820
1821
1822
1823
1824
1825
1826
1827
1828
1829
1830
1831
1832
1836
1837
1838
1840
1841
1843
1844
1845
1846
1847
1848
1849
1850
1852
1854
1855
1856
1857
1859
1861
1869
1870
1871
1874
1875
1876
1877
1889
1890
1891
1892
1893
1894
1902
1903
1906
1908
1910
1912
1915
1917
1936
1938
1939
1942
1943
1944
1945
1947
1948
1949
1950
1951
1952
1953
1954
1955
1956
1958
1959
1960
1962
1964
1965
1967
1968
1969
1974
1975
1977
1978
1979
1981
1982
1983
1992
1993
1994
1997
1998
1999
2000
2002
2004
2005
2006
2009
2010
2011
2012
2013
2016
2017
2020
2021
2022
2023
2026
2027
2028
2030
2033
2034
2035
2036
2037
2041
2042
2043
2045
2046
2047
2048
2049
2050
2051
2052
2053
2054
2055
2057
2058
2059
2060
2063
2064
2065
2066
2067
2068
2069
2071
2072
2074
2077
2078
2081
2091
2098
2099
2100
2103
2104
2107
2108
2109
2110
2113
2114
2115
2116
2117
2118
2119
2120
2121
2122
2124
2125
2128
2130
2131
2132
2134
2135
2137
2138
2139
2140
2145
2146
2147
2149
2150
2152
2153
2157
2159
2160
2161
2162
2166
2172
2175
2176
2177
2178
2180
2181
2182
2184
2185
2186
2187
2188
2189
2191
2192
2193
2194
2195
2196
2197
2199
2200
2201
2202
2203
2212
2214
2215
2217
2218
2222
2224
2230
2232
2235
2237
2239
2241
2242
2243
2244
2245
2247
2250
2252
2256
2257
2259
2260
2261
2263
2264
2267
2271
2272
2273
2274
2281
2286
2287
2288
2289
2295
2296
2298
2300
2301
2302
2303
2304
2305
2306
2308
2309
2312
2313
2314
2315
2316
2317
2318
2319
2321
2323
2324
2327
2329
2330
2331
2332
2334
2335
2346
2348
2350
2352
2353
2354
2355
2356
2395
2444
2475
2483
2487
2491
2494
2495
2512
2517
2519
2520
2521
2523
2524
2525
2526
2527
2528
2530
2531
2534
2535
2537
2539
2542
2543
2548
2549
2550
2551
2553
2555
2556
2557
2561
2562
2564
2567
2568
2569
2570
2571
2580
2581
2582
2583
2584
2585
2587
2588
2589
2590
2591
2592
2593
2595
2596
2597
2615
2617
2618
2619
2620
2621
2622
2624
2625
2627
2628
2629
2632
2633
2634
2635
2637
2638
2639
2643
2648
2649
2650
2651
2653
2661
2664
2665
2669
2670
2671
2672
2673
2674
2675
2677
2683
2686
2687
2690
2692
2695
2696
2697
2700
2701
2705
2706
2709
2717
2719
2720
2729
2730
2731
2733
2734
2735
2736
2737
2738
2739
2740
2742
2743
2744
2746
2747
2752
2760
2762
2766
2767
2768
2769
2770
2771
2773
2774
2776
2778
2780
2781
2782
2783
2784
2785
2786
2787
2788
2794
2797
2798
2799
2800
2801
2802
2803
2804
2805
2806
2810
2811
2813
2817
2820
2821
2822
2823
2824
2826
2827
2829
2831
2837
2842
2843
2846
2847
2850
2859
2861
2862
2863
2867
2868
2869
2870
2872
2873
2874
2875
2876
2877
2878
2879
2885
2886
2887
2888
2889
2890
2891
2892
2893
2894
2896
2897
2898
2899
2900
2901
2902
2903
2904
2905
2906
2907
2908
2909
2912
2913
2916
2918
2919
2920
2923
2925
2926
2931
2932
2934
2935
2936
2937
2938
2941
2947
2948
2949
2950
2954
2956
2959
2960
2961
2962
2963
2965
2967
2968
2969
2971
2972
2975
2976
2977
2980
2984
2987
2990
2992
2995
2996
2997
2999
3000
3002
3006
3007
3008
3009
3012
3013
3014
3015
3017
3021
3028
3029
3030
3032
3033
3034
3035
3036
3037
3038
3043
3046
3052
3053
3054
3055
3059
3064
3065
3066
3067
3068
3069
3070
3073
3074
3075
3077
3080
3081
3082
3084
3087
3090
3091
3092
3093
3094
3096
3097
3098
3099
3104
3105
3106
3107
3108
3109
3110
3113
3115
3118
3119
3127
3131
3133
3134
3135
3140
3141
3142
3146
3148
3149
3150
3155
3156
3157
3158
3159
3161
3162
3163
3164
3169
3170
3171
3172
3174
3176
3177
3178
3181
3182
3183
3184
3185
3187
3189
3190
3192
3195
3196
3198
3200
3201
3202
3203
3204
3206
3207
3209
3211
3212
3213
3214
3215
3216
3217
3218
3221
3222
3223
3224
3226
3227
3228
3229
3231
3232
3233
3234
3235
3237
3239
3241
3248
3249
3251
3257
3263
3265
3267
3268
3269
3270
3273
3274
3275
3276
3280
3283
3290
3291
3292
3293
3294
3295
3297
3298
3299
3300
3301
3303
3304
3305
3306
3308
3309
3310
3312
3313
3316
3320
3321
3326
3329
3337
3338
3339
3340
3344
3352
3355
3357
3358
3362
3363
3364
3371
3373
3376
3381
3382
3383
3384
3385
3394
3397
3398
3400
3416
3417
3418
3419
3420
3421
3422
3423
3425
3426
3428
3429
3430
3431
3433
3434
3437
3442
3454
3455
3459
3460
3475
3476
3479
3480
3482
3483
3485
3487
3488
3489
3491
3508
3516
3543
3547
3549
3550
3551
3553
3554
3556
3557
3560
3561
3566
3570
3572
3575
3578
3579
3586
3587
3588
3590
3594
3595
3597
3598
3600
3601
3603
3604
3607
3608
3609
3611
3612
3613
3614
3615
3619
3620
3621
3622
3623
3624
3625
3628
3631
3632
3633
3635
3636
3638
3640
3641
3642
3643
3646
3651
3652
3654
3655
3656
3658
3659
3660
3661
3663
3664
3665
3667
3669
3670
3671
3672
3673
3674
3675
3676
3678
3679
3680
3682
3683
3684
3685
3687
3688
3689
3691
3692
3693
3694
3695
3696
3699
3700
3703
3704
3705
3706
3707
3708
3709
3710
3713
3714
3716
3717
3718
3720
3725
3726
3727
3728
3732
3735
3744
3745
3748
3749
3750
3752
3754
3755
3756
3757
3759
3760
3762
3764
3766
3767
3768
3770
3772
3773
3776
3777
3778
3782
3783
3784
3785
3790
3791
3792
3795
3796
3797
3798
3799
3800
3801
3812
3815
3816
3818
3820
3821
3823
3831
3832
3833
3834
3835
3836
3837
3839
3840
3841
3842
3843
3845
3846
3848
3849
3850
3851
3852
3853
3854
3855
3856
3857
3858
3859
3860
3861
3866
3872
3875
3880
3882
3883
3884
3886
3887
3888
3889
3890
3891
3892
3895
3897
3898
3899
3902
3904
3908
3909
3910
3911
3912
3913
3914
3915
3916
3918
3920
3925
3927
3930
3931
3932
3933
3936
3938
3939
3945
3948
3949
3953
3954
3955
3956
3958
3959
3960
3964
3965
3975
3976
3977
3978
3980
3981
3982
3983
3984
3985
3987
3988
3990
3991
3992
3993
3995
3996
3998
4000
4001
4005
4007
4008
4010
4012
4013
4015
4016
4017
4018
4023
4026
4033
4034
4035
4036
4037
4038
4040
4041
4043
4045
4046
4047
4048
4051
4052
4053
4054
4055
4056
4057
4058
4059
4060
4061
4062
4065
4066
4067
4070
4071
4072
4074
4076
4077
4082
4084
4086
4087
4088
4089
4090
4091
4092
4093
4094
4097
4100
4103
4107
4110
4111
4113
4117
4121
4122
4123
4124
4125
4126
4128
4129
4130
4131
4133
4134
4137
4139
4140
4141
4144
4145
4146
4147
4148
4149
4150
4151
4152
4154
4155
4161
4162
4163
4166
4168
4170
4171
4172
4173
4174
4175
4176
4179
4185
4188
4189
4190
4191
4192
4193
4194
4199
4200
4201
4204
4205
4208
4209
4210
4211
4212
4214
4215
4216
4217
4218
4221
4223
4224
4232
4233
4234
4236
4238
4239
4240
4242
4245
4247
4248
4249
4253
4254
4255
4256
4257
4258
4261
4277
4281
4282
4285
4286
4287
4288
4289
4291
4292
4293
4294
4296
4298
4299
4300
4302
4303
4306
4308
4311
4312
4313
4314
4316
4317
4318
4319
4320
4321
4323
4324
4325
4326
4327
4329
4330
4331
4335
4337
4338
4340
4343
4345
4350
4351
4353
4354
4355
4356
4357
4358
4359
4363
4430
4435
4436
4437
4438
4440
4478
4481
4482
4485
4486
4487
4488
4490
4493
4495
4496
4499
4504
4507
4520
4521
4522
4524
4528
4542
4548
4552
4582
4583
4585
4588
4589
4591
4594
4595
4597
4598
4599
4600
4601
4602
4603
4604
4605
4609
4613
4615
4616
4618
4619
4620
4621
4622
4624
4625
4626
4627
4628
4629
4636
4638
4640
4641
4642
4643
4644
4645
4646
4647
4648
4649
4650
4651
4659
4660
4661
4664
4665
4666
4668
4669
4670
4673
4674
4675
4676
4677
4678
4680
4682
4683
4684
4685
4686
4688
4689
4690
4691
4692
4693
4695
4696
4697
4700
4701
4702
4703
4704
4705
4706
4707
4709
4710
4711
4714
4716
4717
4718
4719
4720
4722
4723
4724
4725
4726
4728
4731
4733
4734
4738
4739
4741
4744
4745
4747
4750
4751
4752
4753
4756
4758
4760
4763
4771
4772
4773
4774
4775
4776
4779
4780
4781
4782
4783
4790
4791
4792
4793
4794
4795
4796
4798
4799
4800
4801
4802
4803
4810
4811
4814
4817
4818
4820
4824
4825
4826
4828
4832
4833
4835
4836
4839
4841
4842
4843
4846
4848
4849
4850
4851
4853
4854
4855
4856
4857
4860
4861
4862
4863
4864
4867
4880
4881
4882
4883
4885
4886
4889
4891
4892
4893
4897
4899
4900
4901
4905
4907
4908
4909
4913
4915
4916
4917
4919
4920
4921
4924
4925
4926
4927
4928
4929
4931
4935
4938
4939
4940
4942
4943
4946
4948
4952
4953
4957
4967
4968
4975
4976
4978
4982
4983
4986
4987
4994
4998
4999
5000
5001
5002
5005
5007
5009
5013
5016
5017
5018
5019
5021
5025
5026
5028
5029
5031
5033
5034
5036
5037
5042
5045
5046
5048
5049
5051
5052
5054
5055
5058
5062
5063
5066
5068
5069
5073
5074
5076
5077
5080
5082
5083
5087
5089
5090
5091
5092
5093
5094
5095
5096
5097
5098
5099
5101
5104
5105
5106
5108
5110
5111
5116
5118
5119
5122
5125
5126
5127
5128
5129
5130
5134
5136
5137
5138
5139
5140
5141
5142
5143
5144
5145
5146
5147
5150
5151
5152
5155
5156
5157
5158
5159
5160
5162
5163
5164
5165
5166
5167
5168
5169
5170
5172
5176
5184
5187
5189
5190
5191
5192
5193
5194
5195
5198
5199
5202
5203
5204
5205
5207
5208
5209
5210
5211
5212
5213
5214
5218
5224
5226
5228
5229
5230
5236
5238
5239
5243
5244
5245
5250
5252
5253
5255
5256
5257
5260
5261
5264
5265
5266
5267
5269
5270
5271
5272
5274
5275
5277
5279
5283
5284
5286
5287
5288
5289
5290
5291
5292
5293
5294
5295
5296
5297
5298
5300
5303
5305
5306
5307
5308
5310
5311
5313
5314
5315
5316
5317
5318
5320
5321
5324
5325
5326
5327
5328
5329
5330
5331
5332
5333
5334
5335
5336
5337
5338
5339
5340
5345
5346
5347
5349
5351
5352
5355
5356
5357
5358
5359
5360
5361
5362
5364
5365
5371
5372
5373
5376
5378
5393
5394
5395
5396
5409
5411
5420
5422
5423
5424
5425
5426
5427
5428
5429
5431
5432
5433
5434
5435
5437
5438
5440
5442
5443
5447
5450
5451
5452
5453
5454
5459
5460
5463
5464
5465
5467
5468
5469
5471
5476
5478
5479
5480
5481
5493
5494
5495
5496
5498
5500
5501
5502
5504
5509
5510
5514
5515
5516
5518
5519
5520
5521
5522
5523
5525
5526
5527
5528
5529
5530
5531
5532
5533
5536
5537
5542
5544
5545
5546
5547
5550
5552
5553
5557
5563
5564
5565
5566
5567
5570
5571
5573
5575
5576
5577
5578
5579
5580
5581
5582
5583
5584
5585
5586
5587
5588
5589
5590
5592
5593
5594
5595
5596
5598
5599
5600
5601
5602
5603
5604
5605
5606
5607
5608
5609
5610
5611
5613
5618
5621
5624
5625
5627
5629
5631
5635
5636
5638
5639
5641
5644
5646
5648
5649
5650
5652
5653
5654
5655
5660
5662
5663
5664
5669
5670
5671
5672
5673
5675
5678
5680
5681
5682
5684
5685
5686
5688
5689
5690
5691
5692
5693
5694
5695
5696
5698
5699
5701
5702
5704
5705
5706
5707
5708
5709
5710
5711
5713
5714
5715
5717
5718
5719
5720
5723
5724
5725
5727
5728
5731
5732
5734
5738
5740
5742
5743
5745
5746
5747
5753
5754
5756
5763
5764
5768
5770
5771
5774
5775
5777
5778
5780
5781
5782
5783
5784
5786
5787
5788
5789
5791
5792
5793
5794
5795
5796
5797
5798
5799
5800
5801
5802
5803
5805
5806
5813
5814
5817
5824
5825
5826
5827
5828
5829
5830
5831
5832
5833
5834
5836
5837
5858
5859
5860
5861
5863
5864
5865
5866
5867
5868
5869
5870
5871
5872
5873
5875
5876
5877
5879
5880
5881
5883
5884
5885
5886
5887
5888
5889
5890
5892
5893
5894
5896
5898
5899
5900
5902
5903
5905
5909
5910
5911
5912
5913
5914
5916
5917
5918
5919
5920
5921
5922
5923
5924
5925
5926
5927
5928
5929
5930
5931
5932
5933
5934
5936
5937
5939
5947
5948
5955
5962
5965
5966
5967
5968
5970
5971
5972
5973
5976
5977
5978
5979
5980
5981
5982
5983
5984
5985
5986
5987
5988
5989
5990
5991
5993
5994
5997
5998
5999
6000
6001
6002
6004
6006
6007
6009
6011
6013
6015
6016
6017
6018
6019
6038
6041
6045
6046
6049
6050
6051
6059
6091
6092
6093
6094
6095
6097
6098
6101
6102
6103
6117
6118
6119
6120
6121
6122
6123
6124
6125
6132
6133
6134
6135
6137
6141
6146
6150
6152
6155
6156
6157
6158
6160
6164
6165
6167
6168
6176
6184
6185
6189
6191
6193
6194
6195
6196
6197
6198
6199
6205
6206
6208
6223
6224
6229
6230
6235
6236
6237
6238
6239
6240
6241
6242
6248
6249
6251
6252
6253
6256
6257
6258
6259
6261
6262
6263
6271
6272
6273
6274
6275
6277
6278
6281
6284
6285
6288
6289
6293
6294
6296
6297
6299
6300
6301
6302
6303
6304
6305
6307
6310
6311
6314
6317
6318
6319
6320
6323
6324
6326
6328
6331
6334
6335
6336
6337
6338
6339
6341
6342
6343
6348
6359
6362
6368
6369
6372
6373
6376
6382
6383
6385
6386
6387
6388
6389
6390
6391
6397
6398
6400
6402
6404
6405
6406
6407
6416
6418
6419
6421
6422
6424
6425
6426
6427
6428
6429
6430
6431
6432
6433
6434
6441
6442
6443
6444
6446
6447
6448
6449
6452
6453
6455
6456
6457
6461
6462
6464
6468
6469
6470
6472
6474
6476
6477
6478
6480
6482
6483
6484
6487
6489
6490
6491
6492
6493
6494
6495
6497
6498
6499
6500
6502
6503
6504
6505
6507
6508
6509
6510
6513
6517
6518
6519
6520
6522
6523
6524
6525
6526
6527
6529
6530
6532
6533
6535
6536
6539
6540
6541
6542
6546
6548
6549
6550
6553
6556
6558
6560
6563
6564
6565
6566
6567
6570
6573
6574
6575
6576
6578
6579
6580
6581
6583
6584
6585
6586
6591
6594
6595
6596
6597
6598
6599
6601
6602
6603
6604
6605
6608
6609
6610
6612
6614
6615
6616
6617
6618
6619
6620
6621
6622
6623
6624
6625
6626
6628
6629
6631
6632
6637
6640
6641
6642
6643
6645
6646
6647
6648
6651
6653
6654
6655
6656
6657
6659
6660
6662
6666
6667
6668
6670
6671
6672
6674
6675
6676
6678
6683
6687
6688
6690
6691
6692
6697
6698
6699
6700
6701
6703
6704
6705
6706
6707
6709
6710
6711
6712
6713
6714
6715
6717
6720
6721
6722
6723
6725
6727
6728
6729
6730
6731
6732
6733
6736
6737
6738
6741
6742
6745
6746
6747
6748
6749
6750
6751
6756
6760
6764
6767
6768
6769
6772
6773
6774
6775
6776
6777
6778
6780
6782
6783
6785
6786
6787
6788
6789
6790
6792
6793
6794
6795
6801
6804
6809
6810
6811
6812
6813
6814
6815
6819
6820
6821
6827
6829
6830
6832
6835
6836
6837
6838
6839
6840
6843
6844
6847
6850
6853
6855
6856
6857
6860
6861
6863
6865
6867
6868
6871
6872
6873
6874
6875
6876
6877
6878
6879
6880
6881
6882
6883
6884
6885
6887
6888
6890
6891
6892
6894
6895
6897
6899
6900
6901
6903
6904
6905
6906
6907
6908
6909
6910
6911
6913
6915
6916
6917
6919
6920
6925
6926
6927
6929
6932
6934
6935
6936
6938
6939
6940
6941
6942
6944
6945
6947
6948
6949
6950
6975
6988
6992
6996
6999
7001
7003
7004
7005
7007
7008
7009
7011
7013
7014
7015
7016
7018
7019
7020
7022
7023
7024
7025
7026
7027
7029
7030
7032
7033
7035
7036
7037
7038
7040
7041
7042
7043
7044
7045
7046
7048
7049
7050
7051
7052
7053
7056
7057
7058
7059
7060
7062
7064
7066
7067
7068
7070
7071
7072
7073
7074
7075
7077
7078
7079
7082
7083
7084
7086
7088
7089
7090
7091
7092
7093
7094
7095
7096
7097
7098
7099
7100
7101
7102
7103
7104
7105
7106
7107
7108
7110
7111
7112
7113
7122
7123
7124
7125
7126
7127
7128
7130
7132
7133
7136
7137
7138
7139
7140
7143
7145
7150
7153
7155
7156
7157
7158
7159
7161
7162
7163
7165
7166
7167
7168
7169
7171
7172
7173
7174
7175
7177
7179
7181
7182
7184
7185
7186
7187
7188
7189
7203
7204
7205
7216
7220
7222
7223
7225
7226
7227
7248
7249
7251
7257
7259
7263
7264
7265
7266
7267
7270
7272
7273
7275
7277
7278
7280
7283
7284
7286
7289
7290
7291
7293
7294
7296
7297
7298
7299
7301
7306
7311
7314
7316
7317
7318
7319
7321
7322
7325
7326
7327
7329
7332
7336
7337
7342
7343
7345
7347
7351
7352
7355
7357
7358
7360
7363
7364
7365
7366
7367
7368
7371
7372
7373
7374
7375
7376
7378
7379
7380
7381
7384
7385
7389
7390
7391
7392
7398
7399
7402
7403
7404
7405
7407
7408
7409
7410
7411
7412
7414
7415
7419
7421
7422
7423
7424
7425
7428
7429
7430
7431
7433
7436
7439
7442
7443
7444
7447
7448
7450
7453
7454
7456
7458
7461
7462
7464
7465
7466
7471
7473
7474
7476
7477
7480
7481
7482
7483
7486
7494
7498
7499
7504
7507
7508
7511
7512
7514
7515
7516
7517
7518
7520
7525
7528
7529
7531
7532
7535
7536
7538
7539
7542
7543
7544
7545
7546
7549
7551
7552
7553
7554
7555
7556
7559
7561
7562
7564
7565
7566
7567
7569
7570
7571
7572
7576
7579
7581
7582
7584
7586
7587
7589
7592
7593
7594
7596
7597
7621
7625
7626
7627
7629
7633
7637
7639
7643
7644
7652
7673
7675
7678
7681
7690
7691
7692
7693
7694
7695
7697
7699
7700
7701
7702
7703
7705
7706
7707
7709
7710
7711
7712
7716
7718
7726
7727
7728
7733
7737
7738
7739
7743
7748
7750
7752
7753
7755
7756
7757
7760
7761
7762
7763
7764
7766
7767
7768
7769
7770
7772
7773
7775
7776
7779
7780
7781
7782
7783
7784
7786
7791
7798
7799
7804
7805
7812
7813
7818
7827
7832
7837
7840
7841
7844
7849
7850
7852
7855
7857
7862
7866
7867
7869
7871
7873
7874
7879
7881
7884
7903
7905
7913
7915
7916
7917
7918
7920
7922
7923
7941
7942
7957
7965
7975
7976
7980
7982
7984
7988
7991
7993
7994
8000
8013
8019
8021
8027
8028
8029
8030
8031
8034
8036
8038
8045
8050
8061
8065
8073
8078
8079
8082
8086
8087
8089
8091
8099
8100
8110
8111
8120
8125
8131
8139
8140
8148
8153
8161
8165
8170
8174
8175
8178
8187
8189
8192
8193
8195
8200
8202
8204
8208
8216
8218
8224
8228
8233
8237
8239
8241
8242
8243
8266
8269
8270
8273
8277
8284
8287
8289
8291
8292
8294
8295
8301
8302
8309
8310
8312
8313
8314
8315
8317
8318
8320
8321
8322
8323
8324
8325
8330
8332
8336
8338
8339
8340
8341
8342
8343
8345
8348
8349
8351
8352
8353
8357
8358
8366
8367
8372
8379
8394
8395
8396
8398
8404
8405
8406
8407
8408
8411
8412
8416
8424
8425
8427
8428
8431
8434
8437
8438
8439
8440
8443
8444
8445
8446
8447
8448
8449
8450
8451
8452
8453
8454
8455
8458
8459
8460
8462
8463
8464
8467
8470
8471
8473
8476
8479
8480
8481
8482
8490
8491
8492
8493
8495
8496
8497
8498
8499
8500
8501
8502
8503
8504
8505
8506
8507
8508
8509
8514
8515
8517
8519
8520
8522
8525
8526
8527
8528
8529
8532
8533
8534
8535
8536
8537
8538
8539
8540
8541
8542
8544
8545
8546
8548
8549
8550
8553
8554
8555
8556
8558
8559
8560
8562
8563
8564
8565
8566
8567
8568
8569
8570
8572
8573
8574
8575
8576
8578
8581
8601
8602
8603
8604
8605
8607
8608
8609
8614
8615
8618
8620
8621
8622
8624
8625
8626
8633
8634
8635
8638
8639
8641
8642
8643
8644
8645
8646
8648
8649
8650
8651
8653
8654
8655
8658
8659
8660
8661
8662
8664
8665
8666
8667
8668
8669
8671
8672
8673
8674
8675
8677
8678
8682
8683
8685
8687
8688
8689
8690
8692
8694
8697
8698
8701
8702
8703
8704
8705
8706
8707
8708
8711
8714
8717
8718
8720
8721
8722
8723
8724
8725
8726
8727
8728
8729
8731
8732
8733
8735
8736
8737
8738
8744
8745
8747
8751
8754
8760
8761
8763
8764
8767
8772
8773
8775
8776
8777
8780
8784
8785
8786
8787
8788
8789
8792
8793
8794
8795
8796
8797
8798
8799
8800
8801
8802
8803
8804
8805
8807
8808
8809
8811
8812
8813
8814
8816
8817
8821
8822
8824
8825
8826
8828
8829
8831
8834
8835
8836
8837
8838
8839
8840
8842
8844
8846
8848
8850
8851
8853
8854
8856
8857
8859
8861
8862
8863
8864
8867
8869
8870
8871
8872
8874
8876
8877
8878
8879
8880
8881
8883
8884
8886
8887
8888
8890
8891
8892
8893
8894
8895
8896
8897
8898
8899
8900
8904
8905
8906
8907
8908
8910
8911
8912
8914
8915
8916
8924
8925
8927
8928
8930
8932
8935
8936
8938
8939
8940
8941
8942
8943
8945
8969
8970
8972
8974
8975
8976
8985
8986
8989
8991
8992
8993
8994
8996
8997
8999
9001
9002
9013
9014
9015
9016
9019
9020
9021
9022
9024
9025
9026
9027
9028
9031
9032
9033
9034
9037
9039
9040
9043
9044
9045
9046
9047
9049
9050
9051
9052
9053
9054
9055
9056
9057
9058
9060
9061
9063
9064
9066
9068
9069
9070
9074
9075
9076
9079
9080
9088
9091
9092
9093
9094
9095
9096
9097
9098
9099
9100
9101
9104
9107
9108
9110
9111
9112
9113
9114
9117
9118
9119
9120
9121
9122
9123
9124
9126
9127
9128
9129
9130
9131
9132
9133
9134
9135
9136
9138
9139
9140
9141
9144
9145
9146
9147
9149
9150
9153
9154
9156
9158
9159
9162
9166
9167
9168
9169
9170
9172
9175
9177
9179
9180
9181
9183
9184
9185
9187
9188
9191
9196
9197
9201
9202
9203
9204
9205
9208
9212
9213
9217
9219
9221
9223
9227
9229
9230
9231
9232
9235
9238
9240
9241
9244
9245
9246
9248
9249
9252
9253
9254
9255
9258
9260
9261
9262
9263
9265
9266
9267
9270
9271
9274
9275
9276
9277
9278
9282
9290
9294
9295
9296
9306
9308
9310
9311
9312
9314
9317
9318
9319
9320
9321
9322
9325
9326
9328
9329
9330
9331
9333
9334
9337
9341
9342
9343
9344
9349
9351
9352
9353
9354
9355
9358
9360
9361
9364
9365
9368
9369
9371
9372
9373
9374
9375
9377
9378
9379
9381
9382
9388
9389
9391
9392
9397
9398
9399
9400
9401
9404
9406
9407
9409
9410
9411
9412
9413
9414
9415
9416
9420
9422
9423
9424
9425
9427
9429
9435
9439
9440
9441
9442
9443
9444
9445
9446
9447
9448
9451
9452
9453
9454
9455
9456
9459
9462
9463
9464
9465
9466
9467
9468
9469
9470
9472
9473
9474
9475
9476
9477
9478
9479
9481
9482
9486
9487
9488
9489
9491
9493
9495
9496
9497
9498
9500
9501
9507
9508
9509
9510
9512
9513
9514
9515
9516
9517
9518
9519
9520
9521
9525
9526
9527
9528
9529
9530
9531
9532
9533
9534
9535
9536
9537
9538
9540
9541
9542
9543
9545
9546
9547
9552
9553
9555
9557
9559
9562
9563
9564
9567
9568
9569
9570
9572
9575
9576
9578
9580
9581
9582
9583
9584
9585
9586
9587
9588
9589
9590
9592
9600
9601
9603
9604
9609
9610
9611
9612
9615
9617
9618
9619
9620
9625
9627
9628
9630
9631
9632
9635
9637
9639
9640
9641
9643
9644
9645
9646
9647
9648
9649
9650
9651
9652
9653
9654
9655
9656
9657
9658
9662
9663
9666
9667
9668
9669
9670
9671
9672
9673
9675
9677
9678
9679
9681
9682
9683
9684
9685
9686
9687
9688
9690
9692
9693
9694
9695
9696
9697
9698
9699
9700
9701
9702
9703
9704
9705
9706
9708
9709
9710
9712
9715
9716
9718
9719
9721
9722
9723
9724
9725
9726
9727
9728
9731
9732
9733
9734
9735
9736
9737
9739
9741
9742
9743
9744
9745
9746
9748
9749
9751
9752
9753
9754
9755
9758
9759
9760
9761
9764
9765
9770
9771
9774
9775
9776
9777
9778
9779
9780
9781
9782
9783
9784
9785
9786
9787
9788
9790
9791
9792
9793
9794
9796
9797
9801
9802
9804
9805
9807
9810
9811
9814
9815
9816
9817
9819
9820
9821
9823
9824
9825
9826
9827
9828
9829
9830
9831
9832
9833
9836
9837
9839
9841
9842
9843
9844
9846
9848
9849
9851
9852
9853
9854
9855
9856
9857
9858
9859
9860
9861
9862
9863
9866
9867
9869
9871
9873
9874
9875
9878
9879
9880
9881
9882
9885
9886
9887
9889
9891
9892
9894
9895
9896
9898
9901
9902
9903
9904
9905
9907
9908
9909
9910
9911
9912
9913
9914
9915
9917
9918
9919
9921
9922
9923
9924
9925
9926
9927
9928
9929
9931
9935
9937
9938
9939
9940
9941
9942
9943
9945
9946
9947
9948
9949
9950
9951
9953
9956
9957
9958
9960
9961
9962
9963
9967
9968
9969
9970
9971
9972
9973
9975
9976
9978
9982
9984
9985
9986
9988
9989
9990
9991
9993
9994
9997
10000
10001
10002
10003
10004
10005
10006
10007
10009
10010
10011
10013
10014
10015
10016
10017
10018
10019
10020
10021
10024
10025
10026
10036
10038
10039
10040
10042
10043
10044
10045
10046
10048
10049
10051
10052
10053
10054
10055
10056
10057
10058
10059
10060
10061
10062
10066
10067
10069
10071
10072
10073
10075
10076
10077
10078
10079
10081
10082
10083
10084
10085
10087
10089
10090
10092
10094
10095
10096
10097
10098
10099
10100
10101
10102
10105
10106
10109
10110
10111
10112
10113
10114
10116
10120
10121
10124
10126
10127
10128
10129
10130
10131
10133
10134
10135
10137
10138
10139
10140
10142
10144
10146
10147
10150
10152
10153
10154
10155
10157
10159
10160
10161
10162
10163
10165
10166
10168
10169
10170
10171
10172
10174
10179
10180
10181
10184
10188
10189
10190
10194
10195
10196
10197
10198
10199
10200
10201
10202
10203
10205
10206
10208
10210
10211
10212
10213
10214
10215
10216
10217
10220
10221
10223
10225
10226
10227
10228
10229
10232
10233
10234
10236
10237
10238
10240
10241
10243
10244
10245
10248
10250
10252
10253
10254
10256
10257
10260
10262
10263
10265
10266
10267
10269
10270
10272
10273
10274
10276
10277
10278
10279
10280
10282
10283
10284
10285
10286
10287
10290
10291
10293
10294
10295
10296
10297
10298
10300
10307
10308
10309
10312
10313
10314
10317
10318
10319
10322
10325
10326
10327
10330
10331
10333
10336
10342
10343
10344
10346
10347
10349
10350
10351
10352
10360
10361
10362
10363
10365
10367
10370
10371
10376
10379
10380
10381
10383
10384
10385
10388
10389
10390
10391
10392
10395
10396
10397
10398
10400
10401
10402
10403
10409
10410
10411
10412
10413
10417
10418
10419
10420
10421
10422
10423
10424
10425
10426
10427
10428
10430
10432
10435
10437
10438
10439
10440
10443
10444
10445
10446
10450
10451
10452
10454
10455
10456
10457
10458
10459
10460
10461
10463
10464
10465
10466
10467
10469
10471
10474
10475
10477
10478
10479
10480
10481
10482
10483
10484
10486
10487
10488
10489
10490
10491
10492
10493
10494
10495
10497
10498
10499
10500
10501
10505
10507
10509
10512
10513
10514
10516
10518
10519
10520
10521
10522
10523
10524
10525
10526
10527
10528
10529
10531
10533
10534
10535
10537
10538
10540
10541
10548
10549
10550
10551
10552
10553
10554
10555
10556
10557
10558
10559
10560
10561
10562
10564
10565
10566
10567
10568
10569
10570
10572
10573
10574
10575
10576
10577
10579
10580
10581
10585
10587
10589
10592
10594
10595
10598
10599
10600
10602
10603
10605
10606
10607
10608
10610
10611
10612
10613
10614
10615
10616
10617
10618
10620
10621
10622
10623
10625
10627
10628
10629
10633
10634
10635
10636
10637
10640
10641
10642
10643
10644
10645
10651
10652
10653
10654
10655
10656
10657
10658
10659
10664
10666
10667
10668
10669
10670
10671
10672
10673
10675
10677
10678
10681
10682
10683
10686
10687
10691
10693
10695
10699
10712
10713
10714
10717
10718
10720
10721
10723
10725
10726
10728
10730
10732
10733
10734
10735
10736
10741
10742
10743
10744
10745
10746
10747
10749
10750
10752
10755
10758
10761
10763
10765
10766
10767
10768
10769
10771
10772
10773
10776
10781
10782
10783
10785
10786
10787
10788
10791
10793
10794
10795
10797
10799
10802
10804
10806
10808
10809
10810
10811
10813
10815
10817
10818
10825
10827
10838
10840
10841
10844
10845
10846
10847
10848
10849
10855
10856
10857
10859
10861
10863
10865
10867
10868
10869
10871
10873
10874
10875
10877
10878
10881
10882
10884
10885
10890
10891
10892
10893
10897
10898
10899
10902
10903
10905
10906
10908
10910
10913
10914
10915
10916
10917
10919
10920
10921
10922
10923
10924
10926
10927
10928
10933
10935
10936
10938
10939
10940
10942
10943
10944
10945
10946
10947
10948
10949
10950
10951
10952
10953
10954
10955
10956
10957
10959
10960
10961
10963
10964
10966
10969
10970
10972
10973
10975
10978
10979
10980
10981
10982
10983
10987
10988
10989
10992
10994
10998
10999
11000
11001
11004
11005
11006
11007
11011
11012
11015
11016
11017
11018
11019
11021
11022
11023
11025
11030
11031
11033
11035
11040
11043
11046
11047
11051
11052
11054
11056
11057
11059
11060
11062
11063
11064
11065
11066
11068
11069
11070
11072
11073
11074
11076
11078
11079
11080
11083
11086
11091
11093
11094
11095
11096
11097
11098
11099
11100
11101
11102
11103
11104
11105
11107
11108
11112
11113
11116
11117
11118
11119
11120
11123
11124
11127
11128
11129
11130
11132
11133
11135
11136
11137
11138
11140
11142
11143
11144
11146
11147
11148
11149
11151
11152
11153
11154
11155
11156
11158
11159
11160
11162
11163
11164
11167
11168
11169
11171
11173
11174
11176
11177
11179
11180
11181
11182
11183
11184
11186
11187
11188
11189
11190
11193
11194
11196
11198
11199
11200
11201
11202
11211
11213
11214
11215
11216
11218
11219
11221
11222
11224
11226
11227
11228
11231
11232
11234
11235
11236
11237
11238
11240
11243
11244
11245
11247
11251
11252
11253
11254
11258
11259
11260
11262
11264
11266
11267
11269
11270
11272
11273
11275
11276
11277
11278
11279
11281
11282
11283
11284
11285
11309
11311
11313
11315
11316
11319
11320
11321
11322
11325
11328
11329
11332
11333
11335
11336
11337
11338
11339
11340
11342
11343
11344
11346
22794
22795
22796
22797
22801
22802
22803
22807
22808
22809
22818
22820
22821
22822
22823
22824
22826
22827
22828
22834
22835
22836
22837
22838
22839
22841
22844
22845
22846
22847
22848
22849
22850
22852
22853
22856
22858
22861
22862
22863
22864
22865
22866
22868
22869
22870
22871
22872
22873
22874
22875
22876
22877
22878
22879
22880
22881
22882
22883
22884
22885
22887
22888
22890
22891
22893
22894
22895
22897
22898
22900
22901
22902
22903
22904
22905
22906
22907
22908
22909
22911
22913
22920
22921
22924
22925
22926
22927
22928
22929
22930
22931
22933
22934
22936
22937
22938
22941
22943
22944
22948
22949
22950
22954
22955
22974
22976
22977
22978
22979
22980
22981
22982
22983
22984
22985
22989
22992
22993
22995
22996
22998
22999
23001
23002
23005
23007
23008
23011
23012
23013
23014
23015
23016
23017
23019
23020
23022
23023
23024
23025
23026
23028
23029
23030
23031
23032
23034
23035
23036
23037
23038
23039
23040
23041
23042
23043
23046
23047
23048
23049
23051
23052
23054
23057
23059
23060
23061
23062
23064
23065
23066
23067
23071
23072
23074
23075
23076
23077
23080
23081
23082
23085
23086
23087
23089
23090
23091
23092
23093
23094
23095
23096
23097
23098
23099
23101
23102
23105
23108
23109
23112
23113
23114
23118
23119
23120
23122
23125
23126
23129
23130
23131
23132
23133
23135
23136
23137
23138
23139
23140
23141
23142
23143
23144
23148
23149
23150
23151
23152
23154
23155
23158
23160
23161
23162
23163
23164
23165
23166
23167
23168
23169
23170
23171
23173
23174
23175
23177
23178
23179
23180
23181
23185
23186
23187
23189
23190
23191
23192
23193
23194
23195
23196
23197
23198
23200
23201
23203
23204
23205
23207
23208
23210
23211
23212
23213
23214
23215
23216
23218
23219
23221
23223
23224
23225
23228
23229
23230
23231
23232
23233
23234
23235
23236
23237
23239
23241
23242
23243
23244
23245
23246
23247
23248
23250
23252
23253
23254
23256
23258
23259
23261
23262
23263
23264
23265
23268
23269
23270
23271
23272
23274
23275
23276
23279
23281
23283
23285
23286
23287
23288
23291
23293
23294
23295
23299
23300
23301
23303
23304
23305
23307
23309
23310
23312
23313
23314
23315
23317
23321
23322
23324
23326
23327
23328
23329
23331
23332
23333
23334
23335
23336
23339
23341
23344
23345
23348
23350
23351
23352
23353
23354
23355
23357
23358
23359
23360
23361
23362
23363
23365
23366
23367
23368
23369
23370
23373
23376
23378
23380
23381
23382
23383
23384
23385
23386
23387
23389
23390
23394
23395
23396
23397
23398
23399
23400
23401
23403
23404
23405
23406
23408
23409
23410
23411
23412
23413
23414
23415
23416
23417
23418
23421
23423
23424
23426
23428
23429
23430
23431
23432
23433
23435
23438
23443
23446
23450
23451
23452
23456
23457
23460
23461
23462
23463
23464
23466
23467
23468
23469
23471
23473
23474
23475
23476
23479
23480
23481
23483
23484
23491
23492
23499
23500
23503
23504
23505
23507
23508
23509
23510
23511
23512
23513
23515
23516
23518
23520
23521
23522
23523
23524
23527
23528
23529
23530
23531
23532
23533
23534
23536
23539
23541
23542
23543
23545
23546
23548
23549
23550
23551
23552
23554
23555
23556
23557
23558
23560
23562
23563
23566
23567
23568
23576
23580
23582
23583
23586
23588
23589
23590
23592
23593
23594
23595
23596
23598
23600
23603
23604
23607
23608
23609
23612
23613
23616
23617
23621
23623
23624
23625
23632
23633
23635
23636
23637
23639
23640
23644
23645
23646
23647
23648
23649
23650
23654
23657
23659
23660
23671
23673
23677
23682
23683
23705
23708
23710
23729
23731
23732
23741
23753
23759
23760
23761
23762
23765
23767
23768
23769
23770
23774
23780
23786
23787
23788
24137
24138
24139
24140
24141
24144
24145
24146
24147
24148
24149
25759
25766
25769
25771
25776
25777
25778
25780
25782
25788
25789
25791
25792
25793
25794
25796
25797
25798
25799
25800
25801
25802
25803
25804
25805
25806
25807
25809
25813
25814
25816
25817
25818
25820
25821
25822
25823
25824
25825
25827
25829
25830
25831
25833
25834
25836
25837
25839
25840
25841
25842
25844
25849
25850
25851
25852
25853
25854
25855
25862
25865
25870
25875
25878
25879
25880
25885
25886
25888
25890
25891
25893
25894
25896
25897
25898
25900
25901
25902
25903
25904
25909
25911
25912
25913
25914
25915
25917
25921
25923
25924
25925
25926
25928
25929
25930
25932
25934
25936
25937
25938
25939
25940
25941
25942
25943
25946
25948
25949
25950
25953
25956
25957
25959
25961
25963
25966
25970
25972
25973
25974
25975
25976
25978
25979
25981
25983
25984
25987
25988
25989
25992
25996
25998
25999
26000
26001
26002
26003
26005
26009
26010
26013
26015
26018
26019
26020
26022
26025
26027
26030
26031
26032
26033
26034
26035
26036
26037
26038
26039
26040
26043
26045
26046
26047
26048
26049
26050
26051
26052
26053
26054
26056
26057
26058
26059
26060
26061
26063
26064
26065
26084
26086
26088
26090
26091
26092
26093
26094
26097
26100
26108
26115
26118
26119
26121
26122
26123
26127
26130
26133
26135
26136
26137
26145
26146
26147
26150
26151
26152
26153
26154
26155
26156
26157
26160
26166
26167
26168
26173
26175
26190
26191
26205
26206
26207
26224
26225
26227
26229
26230
26231
26232
26233
26234
26235
26248
26251
26254
26256
26257
26259
26260
26261
26262
26263
26266
26267
26268
26269
26270
26271
26272
26273
26275
26276
26277
26278
26280
26284
26286
26287
26290
26297
26298
26301
26330
26353
26354
26355
26469
26470
26471
26499
26502
26503
26504
26505
26507
26508
26509
26511
26512
26520
26521
26524
26526
26528
26548
26574
26575
26576
26577
26578
26579
26586
26589
26608
26610
26747
26750
26751
26762
26872
26873
26952
26953
26958
26959
26960
26973
26974
26984
26985
26993
26994
26995
26996
26999
27000
27005
27010
27013
27019
27020
27030
27031
27032
27033
27034
27035
27037
27040
27044
27063
27067
27068
27069
27072
27074
27075
27076
27077
27079
27085
27086
27087
27089
27090
27092
27094
27095
27097
27101
27102
27106
27107
27112
27113
27115
27121
27122
27124
27125
27127
27128
27130
27131
27132
27133
27134
27136
27141
27143
27145
27146
27147
27148
27151
27152
27153
27154
27158
27163
27164
27165
27173
27175
27180
27183
27185
27189
27198
27199
27229
27230
27235
27236
27237
27238
27239
27241
27242
27243
27244
27245
27246
27247
27248
27249
27250
27252
27253
27257
27258
27283
27284
27285
27286
27288
27289
27291
27292
27293
27294
27295
27296
27297
27300
27301
27303
27304
27309
27314
27315
27316
27324
27327
27329
27330
27332
27333
27334
27336
27339
27340
27341
27342
27343
27345
27346
27347
27348
27349
27350
27351
27352
27429
27430
27433
27434
27436
27445
28231
28232
28234
28316
28511
28512
28513
28514
28951
28952
28955
28956
28957
28959
28960
28962
28964
28965
28966
28968
28969
28970
28972
28973
28976
28977
28978
28981
28982
28985
28987
28988
28989
28990
28991
28992
28996
28998
28999
29015
29028
29035
29062
29063
29066
29068
29070
29072
29074
29078
29079
29080
29081
29082
29083
29085
29086
29087
29088
29089
29090
29091
29099
29100
29101
29102
29103
29106
29108
29109
29110
29115
29116
29118
29119
29121
29123
29126
29127
29761
29763
29765
29766
29767
29775
29777
29780
29781
29785
29789
29800
29801
29802
29803
29841
29842
29843
29850
29855
29880
29881
29882
29883
29886
29888
29889
29890
29893
29894
29896
29899
29901
29902
29903
29904
29906
29911
29914
29915
29916
29920
29922
29923
29924
29925
29926
29927
29928
29929
29933
29934
29935
29940
29941
29943
29945
29946
29948
29950
29951
29952
29953
29954
29956
29957
29958
29959
29964
29966
29967
29968
29969
29974
29978
29979
29980
29982
29984
29985
29986
29988
29989
29992
29993
29994
29995
30000
30008
30011
30061
30811
30812
30813
30815
30818
30819
30827
30832
30833
30836
30837
30844
30845
30846
30848
30849
30850
30968
43847
43849
49855
49856
50484
50485
50486
50487
50488
50489
50506
50507
50509
50511
50512
50515
50614
50617
50618
50619
50626
50628
50636
50640
50649
50650
50717
50804
50805
50807
50809
50813
50814
50832
50840
50846
50848
50853
50854
50855
50856
50861
50863
50865
50937
50940
50943
50944
50999
51000
51002
51003
51004
51005
51006
51008
51009
51010
51011
51013
51015
51016
51018
51020
51021
51022
51023
51024
51027
51028
51029
51031
51043
51050
51053
51056
51057
51058
51059
51060
51061
51062
51063
51067
51068
51069
51070
51071
51073
51074
51075
51076
51077
51078
51079
51081
51082
51084
51085
51087
51088
51091
51092
51093
51094
51095
51096
51097
51098
51099
51100
51101
51102
51103
51105
51106
51107
51108
51109
51110
51112
51114
51116
51117
51119
51126
51127
51129
51132
51133
51135
51136
51138
51141
51142
51143
51144
51147
51148
51150
51151
51154
51157
51160
51162
51163
51164
51166
51167
51168
51170
51171
51172
51174
51175
51176
51177
51179
51181
51182
51184
51185
51187
51191
51193
51194
51195
51196
51199
51200
51201
51202
51203
51205
51206
51207
51218
51222
51225
51226
51227
51228
51230
51231
51232
51234
51241
51246
51249
51250
51252
51253
51255
51258
51259
51263
51265
51267
51271
51274
51276
51277
51278
51279
51280
51281
51282
51283
51284
51290
51291
51292
51293
51294
51295
51296
51299
51300
51302
51304
51305
51306
51307
51309
51310
51312
51313
51315
51316
51317
51318
51319
51320
51321
51322
51324
51329
51330
51332
51333
51334
51335
51337
51339
51340
51341
51343
51347
51348
51350
51351
51360
51361
51362
51363
51364
51365
51366
51367
51368
51371
51373
51375
51377
51379
51380
51382
51384
51385
51386
51388
51389
51393
51397
51398
51399
51400
51406
51409
51411
51421
51422
51426
51427
51428
51429
51430
51433
51434
51435
51438
51439
51440
51441
51444
51447
51449
51451
51454
51455
51458
51460
51465
51466
51473
51474
51477
51479
51480
51481
51491
51496
51510
51512
51513
51514
51517
51520
51522
51523
51524
51528
51529
51530
51533
51534
51535
51537
51538
51542
51545
51547
51548
51550
51552
51559
51560
51561
51562
51564
51566
51567
51569
51571
51573
51575
51582
51585
51586
51588
51592
51593
51594
51596
51599
51601
51602
51604
51605
51606
51608
51614
51616
51621
51626
51629
51633
51634
51635
51642
51643
51645
51646
51650
51654
51655
51657
51659
51661
51663
51665
51667
51668
51673
51676
51678
51684
51686
51692
51693
51696
51699
51700
51701
51702
51703
51704
51706
51710
51715
51719
51720
51726
51727
51728
51729
51735
51741
51742
51744
51747
51750
51752
51754
51755
51759
51760
51761
51762
51763
51764
51768
51773
51778
51780
51804
51805
51806
51807
51808
51809
53335
53339
53340
53343
53344
53345
53346
53347
53349
53353
53354
53371
53373
53405
53407
53615
53616
53635
53827
53832
53833
53834
53838
53841
53842
53904
53905
53918
53938
53940
53942
53944
53947
53981
54014
54020
54033
54039
54058
54069
54084
54093
54097
54101
54106
54107
54108
54148
54149
54165
54187
54205
54206
54207
54328
54329
54332
54361
54386
54407
54413
54414
54431
54432
54433
54434
54436
54438
54439
54442
54443
54453
54454
54455
54456
54457
54458
54460
54461
54464
54465
54467
54468
54472
54474
54475
54476
54477
54480
54482
54487
54490
54492
54494
54495
54496
54497
54498
54499
54502
54503
54504
54505
54507
54510
54512
54517
54518
54520
54521
54522
54529
54531
54532
54534
54535
54536
54538
54540
54541
54542
54545
54549
54550
54552
54554
54555
54556
54557
54558
54566
54567
54583
54584
54585
54587
54596
54602
54606
54617
54619
54620
54621
54623
54625
54662
54663
54664
54665
54675
54676
54677
54681
54682
54700
54704
54707
54716
54726
54732
54733
54737
54739
54742
54749
54751
54752
54756
54758
54760
54762
54763
54764
54765
54768
54769
54776
54778
54780
54784
54788
54790
54795
54796
54797
54798
54799
54800
54801
54802
54805
54806
54807
54808
54809
54810
54811
54812
54813
54814
54815
54816
54819
54820
54821
54822
54823
54825
54826
54827
54828
54829
54830
54831
54832
54834
54836
54838
54839
54840
54842
54843
54847
54848
54849
54850
54851
54852
54853
54854
54856
54857
54861
54862
54863
54865
54867
54868
54869
54870
54872
54873
54874
54875
54876
54877
54878
54879
54880
54881
54882
54883
54884
54885
54887
54888
54890
54891
54892
54893
54894
54896
54897
54899
54901
54902
54903
54905
54906
54910
54913
54914
54915
54918
54921
54922
54923
54926
54927
54928
54929
54930
54931
54932
54933
54934
54935
54936
54939
54940
54941
54943
54946
54947
54948
54949
54951
54952
54954
54955
54956
54960
54961
54962
54963
54964
54965
54968
54970
54971
54972
54974
54976
54977
54980
54981
54982
54984
54985
54986
54987
54988
54989
54991
54993
54995
54997
54998
55001
55002
55003
55004
55005
55006
55007
55008
55009
55010
55011
55012
55014
55015
55020
55022
55023
55024
55027
55028
55030
55031
55032
55033
55034
55035
55036
55037
55038
55039
55040
55041
55048
55054
55055
55061
55062
55063
55064
55065
55066
55068
55069
55070
55071
55072
55074
55075
55076
55080
55081
55082
55083
55084
55089
55090
55092
55093
55094
55095
55100
55102
55103
55105
55106
55107
55108
55109
55110
55112
55114
55116
55117
55118
55119
55120
55122
55125
55127
55128
55129
55130
55131
55132
55133
55135
55137
55139
55140
55142
55143
55144
55145
55146
55147
55148
55149
55150
55151
55152
55153
55156
55157
55159
55160
55161
55163
55164
55165
55166
55167
55168
55170
55171
55172
55173
55174
55175
55179
55181
55182
55183
55184
55186
55187
55188
55190
55191
55193
55197
55198
55199
55200
55201
55204
55205
55206
55208
55209
55210
55212
55213
55215
55217
55218
55220
55222
55223
55224
55225
55226
55227
55229
55230
55231
55233
55234
55236
55238
55239
55240
55244
55246
55247
55248
55249
55250
55251
55252
55253
55254
55255
55256
55258
55259
55260
55262
55266
55268
55269
55272
55274
55275
55276
55277
55278
55279
55280
55281
55282
55283
55285
55286
55287
55288
55289
55290
55291
55293
55294
55295
55296
55297
55298
55299
55300
55304
55308
55311
55313
55314
55315
55316
55317
55319
55320
55321
55322
55324
55325
55326
55328
55329
55331
55332
55334
55335
55336
55337
55339
55341
55342
55343
55346
55347
55349
55351
55353
55355
55356
55357
55359
55361
55362
55364
55365
55366
55374
55379
55388
55422
55423
55432
55435
55437
55450
55454
55466
55486
55501
55502
55503
55505
55506
55507
55508
55509
55510
55511
55512
55520
55521
55526
55527
55532
55534
55536
55540
55544
55552
55553
55556
55558
55559
55561
55565
55567
55568
55572
55573
55577
55584
55585
55586
55588
55589
55591
55593
55596
55599
55601
55602
55605
55607
55608
55609
55611
55612
55613
55614
55615
55616
55617
55619
55620
55621
55622
55623
55624
55625
55626
55627
55628
55629
55630
55631
55632
55633
55635
55636
55638
55640
55643
55644
55646
55647
55650
55652
55653
55654
55655
55656
55657
55658
55659
55660
55661
55662
55663
55664
55665
55666
55667
55669
55670
55676
55677
55679
55680
55681
55683
55686
55687
55689
55690
55691
55692
55693
55695
55696
55697
55698
55699
55700
55701
55703
55704
55705
55707
55709
55713
55715
55716
55717
55718
55720
55721
55722
55723
55727
55728
55729
55731
55732
55733
55734
55735
55737
55738
55740
55741
55742
55743
55744
55745
55746
55748
55749
55750
55751
55753
55754
55755
55756
55757
55758
55759
55760
55761
55762
55763
55764
55766
55768
55769
55770
55771
55773
55775
55776
55777
55778
55781
55784
55785
55786
55787
55788
55789
55790
55791
55794
55795
55796
55798
55799
55802
55803
55806
55808
55809
55810
55812
55813
55814
55815
55816
55818
55819
55821
55823
55824
55825
55827
55830
55831
55832
55833
55835
55839
55840
55841
55846
55847
55850
55851
55852
55854
55856
55858
55859
55860
55862
55863
55869
55870
55872
55876
55879
55884
55890
55892
55893
55897
55898
55900
55902
55905
55906
55907
55909
55911
55915
55916
55917
55920
55922
55929
55930
55937
55954
55957
55958
55959
55966
55967
55968
55970
55971
55972
55973
55974
55975
55998
56000
56006
56033
56034
56052
56061
56062
56063
56097
56098
56099
56100
56103
56104
56105
56106
56108
56109
56110
56113
56114
56121
56122
56123
56124
56125
56126
56128
56129
56130
56131
56132
56133
56134
56135
56136
56137
56138
56139
56141
56142
56143
56144
56145
56146
56147
56154
56155
56158
56163
56164
56165
56171
56172
56180
56204
56241
56242
56243
56244
56252
56254
56255
56256
56257
56259
56260
56261
56262
56265
56271
56288
56300
56301
56311
56339
56413
56474
56478
56479
56521
56548
56603
56606
56616
56623
56647
56648
56649
56650
56654
56658
56666
56667
56672
56674
56675
56681
56704
56731
56776
56829
56834
56848
56850
56853
56882
56884
56886
56888
56889
56890
56891
56893
56894
56895
56896
56897
56898
56899
56900
56901
56902
56904
56905
56906
56907
56910
56912
56913
56915
56916
56917
56919
56920
56922
56926
56927
56929
56931
56937
56938
56940
56942
56944
56945
56947
56948
56949
56950
56951
56952
56953
56954
56956
56957
56961
56964
56965
56970
56971
56975
56977
56978
56979
56980
56981
56983
56984
56986
56987
56992
56993
56994
56995
56996
56998
56999
57003
57017
57018
57019
57026
57030
57037
57038
57045
57047
57050
57053
57057
57060
57062
57085
57088
57089
57091
57092
57094
57095
57097
57099
57101
57102
57104
57107
57109
57110
57111
57113
57115
57116
57117
57118
57120
57121
57122
57124
57126
57127
57128
57129
57130
57132
57134
57139
57140
57142
57143
57146
57147
57148
57149
57153
57154
57156
57157
57158
57159
57161
57162
57165
57167
57168
57169
57171
57175
57176
57178
57179
57180
57181
57182
57184
57185
57186
57187
57188
57189
57191
57192
57194
57198
57205
57209
57210
57213
57215
57216
57217
57222
57224
57231
57232
57282
57326
57332
57333
57336
57337
57338
57343
57348
57369
57380
57381
57396
57402
57403
57404
57405
57406
57407
57409
57410
57414
57415
57418
57419
57447
57448
57449
57453
57455
57456
57458
57459
57460
57461
57463
57465
57466
57467
57468
57470
57472
57473
57474
57475
57476
57477
57478
57479
57480
57482
57484
57486
57488
57489
57491
57492
57493
57494
57497
57498
57501
57502
57504
57505
57506
57507
57508
57509
57510
57511
57512
57513
57514
57515
57519
57520
57521
57522
57523
57524
57526
57530
57531
57532
57533
57534
57535
57536
57537
57538
57539
57541
57544
57545
57546
57547
57549
57551
57552
57554
57555
57556
57558
57559
57560
57561
57563
57567
57568
57569
57570
57571
57572
57573
57575
57578
57579
57580
57583
57584
57586
57590
57592
57593
57594
57596
57597
57599
57600
57602
57605
57606
57609
57610
57611
57616
57617
57619
57620
57621
57622
57623
57624
57628
57630
57631
57633
57634
57636
57639
57642
57643
57644
57645
57646
57647
57648
57649
57654
57655
57657
57658
57659
57661
57662
57664
57666
57669
57670
57673
57674
57677
57678
57679
57680
57683
57685
57687
57688
57689
57690
57691
57692
57693
57695
57696
57697
57699
57700
57701
57703
57704
57705
57706
57708
57710
57711
57713
57715
57716
57717
57718
57719
57720
57721
57722
57724
57727
57728
57731
57732
57758
57761
57763
57786
57787
57794
57798
57799
57801
57804
57820
57822
57823
57827
57828
57834
57835
57862
57863
58155
58189
58190
58191
58473
58476
58477
58478
58480
58484
58485
58487
58488
58490
58491
58492
58494
58495
58496
58499
58500
58504
58505
58506
58509
58511
58512
58513
58517
58524
58525
58526
58527
58528
58533
58985
58986
59084
59269
59272
59283
59307
59336
59338
59339
59341
59342
59343
59344
59345
59348
59349
59352
60312
60313
60314
60370
60385
60386
60412
60436
60437
60481
60484
60485
60487
60488
60489
60490
60491
60492
60493
60496
60509
60528
60529
60558
60559
60560
60561
60598
60625
60626
60672
60676
60677
60678
60681
60682
60684
60685
60686
63027
63035
63036
63826
63827
63874
63875
63876
63877
63891
63892
63893
63895
63897
63898
63899
63901
63905
63906
63908
63910
63916
63917
63922
63924
63925
63929
63931
63934
63935
63939
63940
63941
63943
63946
63950
63951
63967
63971
63976
63977
63979
63982
64005
64061
64062
64067
64072
64073
64077
64078
64080
64081
64083
64084
64087
64089
64090
64092
64093
64097
64101
64102
64105
64106
64108
64110
64112
64114
64116
64118
64121
64122
64127
64129
64130
64131
64132
64135
64147
64149
64151
64167
64170
64172
64174
64207
64208
64210
64215
64216
64218
64219
64220
64221
64222
64223
64224
64225
64236
64241
64284
64285
64318
64319
64320
64321
64324
64327
64328
64332
64333
64342
64343
64344
64359
64374
64375
64376
64377
64386
64393
64395
64398
64399
64400
64403
64405
64410
64411
64412
64418
64419
64420
64421
64422
64423
64425
64426
64427
64429
64431
64434
64478
64506
64581
64582
64598
64599
64600
64601
64651
64689
64693
64699
64708
64714
64718
64743
64744
64745
64746
64747
64750
64753
64754
64755
64756
64759
64760
64761
64763
64764
64766
64768
64769
64770
64771
64772
64773
64776
64777
64778
64779
64780
64781
64782
64783
64784
64785
64786
64787
64788
64793
64794
64795
64798
64799
64800
64801
64802
64816
64834
64837
64838
64839
64840
64843
64847
64848
64849
64852
64854
64855
64856
64857
64858
64859
64860
64863
64864
64866
64881
64895
64900
64901
64902
64919
64921
64922
64924
64925
64926
64927
64928
64943
64946
64949
64960
64963
64965
64969
64975
64976
64978
64979
64983
65003
65008
65009
65010
65012
65018
65056
65057
65059
65062
65065
65080
65082
65083
65084
65094
65095
65108
65109
65117
65121
65123
65124
65125
65217
65220
65244
65249
65251
65258
65264
65265
65266
65267
65268
65975
65979
65980
65981
65982
65985
65986
65988
65989
65990
65991
65992
65993
65999
66000
66002
66005
66008
66035
66036
66037
78987
78989
78990
78991
78992
78994
78995
78999
79001
79003
79004
79006
79007
79009
79016
79017
79019
79020
79022
79023
79026
79027
79029
79031
79033
79034
79035
79036
79037
79038
79039
79041
79042
79047
79048
79050
79053
79054
79058
79065
79066
79068
79070
79071
79072
79073
79075
79077
79080
79083
79084
79085
79087
79088
79089
79090
79091
79092
79094
79096
79097
79098
79101
79102
79109
79132
79133
79135
79139
79140
79142
79143
79144
79145
79147
79148
79149
79152
79153
79154
79155
79156
79157
79158
79159
79165
79168
79169
79170
79171
79172
79173
79174
79175
79176
79177
79178
79180
79183
79184
79187
79188
79190
79191
79192
79228
79230
79258
79269
79290
79345
79364
79365
79366
79368
79369
79370
79411
79412
79414
79441
79443
79444
79446
79465
79571
79572
79573
79574
79575
79576
79577
79581
79582
79583
79585
79586
79587
79589
79590
79594
79595
79596
79598
79600
79602
79603
79605
79607
79611
79612
79616
79618
79621
79622
79623
79625
79627
79628
79629
79632
79633
79634
79637
79639
79641
79642
79643
79644
79645
79646
79647
79648
79649
79651
79652
79654
79656
79657
79658
79659
79660
79661
79663
79665
79666
79668
79669
79671
79672
79673
79674
79675
79676
79677
79683
79684
79689
79690
79693
79694
79695
79696
79699
79703
79705
79707
79710
79711
79712
79713
79714
79717
79718
79719
79720
79723
79724
79725
79726
79728
79729
79730
79731
79733
79734
79735
79736
79738
79739
79740
79741
79744
79745
79746
79747
79750
79751
79752
79753
79755
79758
79759
79760
79763
79767
79770
79772
79774
79776
79777
79778
79780
79782
79784
79785
79786
79788
79789
79791
79792
79794
79796
79797
79798
79799
79801
79802
79803
79807
79809
79810
79811
79813
79814
79815
79816
79817
79818
79819
79820
79822
79823
79827
79828
79829
79830
79831
79832
79833
79836
79837
79838
79839
79840
79841
79842
79843
79848
79849
79850
79852
79856
79858
79862
79863
79866
79867
79868
79869
79871
79872
79873
79874
79875
79876
79877
79879
79882
79883
79884
79885
79886
79887
79888
79890
79892
79893
79894
79896
79898
79899
79901
79902
79903
79905
79906
79908
79912
79913
79915
79917
79918
79922
79924
79925
79929
79930
79932
79933
79935
79939
79943
79944
79946
79947
79949
79953
79954
79955
79956
79957
79958
79959
79961
79968
79969
79971
79973
79974
79977
79979
79980
79982
79983
79987
79989
79990
79993
79998
80000
80004
80005
80007
80010
80011
80012
80014
80018
80019
80020
80021
80023
80025
80028
80031
80032
80034
80036
80055
80059
80063
80067
80070
80071
80095
80097
80108
80110
80114
80115
80119
80124
80125
80128
80129
80131
80135
80139
80142
80143
80144
80145
80146
80148
80149
80150
80152
80153
80155
80157
80168
80169
80173
80174
80176
80179
80184
80185
80196
80198
80199
80201
80204
80205
80206
80207
80208
80209
80210
80212
80213
80216
80218
80219
80221
80222
80223
80224
80227
80228
80230
80232
80235
80237
80243
80254
80255
80256
80258
80262
80263
80264
80267
80270
80271
80273
80274
80279
80301
80303
80305
80306
80308
80309
80311
80312
80313
80314
80315
80317
80318
80320
80321
80323
80324
80325
80326
80328
80331
80332
80333
80335
80336
80339
80342
80344
80345
80346
80347
80349
80351
80352
80381
80700
80704
80705
80709
80712
80714
80723
80724
80725
80727
80728
80731
80736
80737
80740
80742
80745
80746
80757
80759
80760
80762
80764
80765
80774
80775
80776
80777
80778
80781
80789
80816
80817
80818
80820
80821
80824
80829
80830
80832
80833
80851
80852
80854
80863
80895
80896
80975
81027
81029
81030
81031
81033
81034
81037
81327
81490
81491
81493
81494
81502
81533
81537
81539
81542
81543
81544
81545
81550
81551
81553
81555
81558
81559
81562
81563
81565
81566
81569
81570
81572
81573
81575
81576
81577
81578
81579
81602
81603
81605
81606
81608
81609
81610
81611
81614
81615
81617
81618
81619
81620
81621
81623
81624
81627
81628
81629
81669
81671
81688
81693
81704
81786
81788
81789
81790
81792
81794
81796
81831
81832
81839
81844
81846
81847
81848
81849
81855
81856
81857
81858
81873
81875
81887
81888
81889
81890
81892
81894
81928
81929
81930
81931
81932
83394
83439
83440
83443
83444
83448
83449
83451
83452
83461
83463
83464
83468
83473
83475
83478
83479
83480
83481
83539
83540
83541
83543
83544
83546
83547
83548
83549
83590
83591
83592
83593
83594
83595
83596
83605
83607
83608
83636
83637
83638
83639
83641
83643
83657
83658
83660
83666
83667
83690
83692
83693
83694
83696
83697
83706
83707
83714
83715
83716
83719
83723
83732
83733
83734
83737
83743
83744
83746
83752
83756
83758
83759
83786
83787
83850
83851
83852
83853
83854
83855
83856
83857
83858
83860
83861
83871
83872
83874
83875
83877
83879
83881
83882
83886
83887
83891
83892
83894
83895
83930
83931
83932
83933
83937
83939
83940
83941
83943
83953
83959
83982
83983
83985
83987
83988
83989
83990
83992
83998
83999
84000
84002
84033
84034
84056
84057
84058
84060
84061
84062
84063
84064
84065
84066
84067
84068
84069
84070
84071
84073
84074
84078
84079
84081
84083
84085
84100
84101
84102
84105
84106
84107
84108
84109
84124
84125
84126
84128
84131
84132
84133
84134
84135
84140
84144
84146
84148
84154
84159
84162
84164
84166
84167
84168
84171
84172
84173
84181
84186
84187
84188
84189
84193
84206
84215
84216
84217
84219
84223
84225
84226
84230
84231
84232
84233
84239
84240
84243
84245
84246
84248
84249
84253
84254
84255
84256
84259
84260
84261
84262
84263
84264
84265
84266
84267
84268
84269
84271
84273
84274
84276
84277
84279
84280
84282
84283
84284
84286
84287
84288
84289
84292
84294
84296
84299
84301
84302
84303
84304
84306
84307
84309
84310
84311
84312
84314
84315
84317
84318
84324
84328
84329
84333
84334
84335
84336
84337
84340
84343
84364
84376
84433
84436
84437
84439
84440
84441
84444
84445
84446
84447
84448
84449
84450
84455
84456
84457
84458
84460
84461
84464
84466
84467
84498
84501
84502
84503
84514
84515
84516
84519
84522
84524
84525
84527
84529
84532
84541
84542
84547
84548
84549
84552
84553
84560
84561
84570
84572
84612
84614
84617
84618
84622
84623
84624
84626
84630
84631
84632
84640
84649
84650
84656
84660
84662
84668
84669
84671
84674
84675
84676
84678
84679
84680
84681
84688
84689
84693
84695
84696
84698
84700
84701
84705
84706
84707
84708
84709
84720
84722
84725
84726
84727
84733
84734
84735
84749
84750
84752
84759
84765
84767
84769
84775
84779
84790
84792
84795
84798
84804
84807
84811
84812
84816
84817
84818
84823
84824
84830
84836
84838
84851
84858
84859
84861
84865
84866
84867
84869
84872
84874
84875
84876
84878
84879
84881
84883
84885
84886
84890
84894
84896
84897
84898
84899
84900
84901
84902
84905
84908
84909
84910
84911
84912
84913
84914
84915
84918
84919
84922
84923
84924
84925
84926
84928
84929
84930
84932
84936
84938
84939
84940
84941
84942
84944
84945
84946
84947
84948
84950
84951
84952
84953
84954
84955
84957
84958
84959
84961
84962
84964
84966
84967
84969
84971
84975
84976
84978
84984
84988
84991
84993
85012
85013
85014
85019
85021
85025
85235
85236
85285
85301
85302
85313
85315
85320
85358
85359
85360
85363
85364
85365
85377
85378
85379
85403
85406
85407
85409
85413
85414
85415
85416
85417
85437
85439
85440
85442
85444
85445
85446
85449
85450
85451
85455
85456
85458
85460
85461
85462
85463
85464
85474
85476
85477
85478
85865
87178
88455
88745
89122
89765
89766
89781
89782
89790
89792
89795
89796
89797
89801
89845
89846
89848
89849
89858
89866
89870
89874
89884
89886
89887
89890
89891
89894
89910
89932
89941
89944
89953
89958
89970
90007
90019
90025
90060
90075
90102
90113
90121
90135
90141
90161
90187
90196
90203
90204
90233
90249
90273
90293
90313
90317
90321
90324
90326
90332
90333
90338
90353
90355
90379
90381
90390
90407
90410
90411
90423
90427
90441
90459
90485
90506
90507
90522
90523
90525
90527
90550
90557
90592
90594
90624
90627
90634
90637
90639
90649
90665
90678
90693
90701
90736
90737
90780
90799
90806
90827
90850
90853
90864
90865
90874
90933
90952
90956
90957
90987
90990
90993
91010
91012
91039
91050
91057
91074
91107
91120
91133
91137
91147
91151
91156
91179
91181
91252
91283
91289
91298
91300
91319
91351
91355
91368
91369
91373
91392
91404
91408
91409
91433
91445
91452
91464
91523
91526
91543
91544
91574
91582
91584
91603
91607
91608
91614
91624
91647
91653
91661
91663
91664
91683
91687
91694
91703
91746
91752
91754
91768
91775
91782
91801
91828
91833
91860
91862
91869
91875
91942
91947
91949
91966
91975
92014
92017
92092
92104
92105
92106
92126
92140
92154
92162
92170
92181
92211
92235
92241
92255
92259
92270
92283
92291
92292
92293
92305
92312
92335
92342
92344
92345
92399
92400
92421
92521
92565
92579
92591
92595
92597
92609
92610
92675
92689
92691
92703
92714
92737
92745
92797
92799
92815
92822
92840
92856
92912
92922
92935
92949
92960
92999
93010
93035
93058
93081
93099
93109
93129
93134
93145
93166
93183
93185
93190
93210
93233
93273
93323
93349
93380
93436
93474
93487
93492
93517
93550
93587
93589
93611
93621
93624
93627
93643
93649
93663
93664
93973
93986
94005
94015
94025
94030
94031
94039
94056
94059
94081
94086
94097
94103
94107
94120
94121
94122
94134
94137
94234
94239
94240
94241
95681
96459
96764
103910
112399
112476
112479
112483
112574
112609
112611
112616
112703
112724
112752
112802
112817
112840
112858
112936
112937
112939
112950
113000
113026
113130
113146
113174
113177
113178
113179
113189
113201
113220
113235
113246
113263
113277
113278
113402
113452
113510
113612
113622
113655
113675
113730
113791
113802
113828
113829
113835
113878
114034
114088
114132
114134
114294
114299
114327
114548
114609
114625
114769
114770
114780
114781
114783
114784
114785
114786
114787
114789
114790
114791
114792
114793
114794
114795
114799
114801
114803
114804
114805
114815
114822
114823
114825
114826
114827
114876
114879
114880
114881
114882
114883
114884
114885
114897
114898
114899
114900
114904
114907
114908
114932
114971
114990
114991
115019
115098
115106
115111
115196
115201
115207
115209
115265
115273
115286
115290
115294
115330
115353
115361
115362
115399
115416
115426
115509
115548
115557
115560
115677
115701
115703
115704
115708
115749
115752
115811
115817
115825
115908
115939
115948
115950
115992
116028
116039
116064
116068
116071
116092
116113
116115
116135
116138
116143
116150
116151
116154
116173
116224
116225
116228
116236
116238
116285
116372
116412
116442
116444
116447
116448
116461
116496
116535
116541
116835
116840
116841
116843
116844
116931
116966
116969
116983
116984
116985
116986
116987
116988
117143
117144
117145
117155
117166
117177
117178
117196
117245
117246
117247
117283
117289
117531
117583
117608
117854
118424
118429
118461
118471
118472
118487
118490
118611
118663
118672
118738
118788
118812
118813
118881
118924
118980
118987
119016
119391
119392
119395
119467
119548
119559
119587
119710
120103
120114
120224
120227
120379
120400
120406
120526
120534
120863
120892
121006
121053
121227
121260
121273
121274
121275
121391
121441
121457
121506
121512
121536
121551
121601
121643
122060
122402
122416
122481
122509
122525
122618
122622
122704
122769
122786
122809
122830
122953
122961
122970
123016
123036
123041
123096
123099
123169
123207
123228
123263
123283
123355
123606
123720
123745
123775
123803
123811
123876
123879
123904
123920
124044
124056
124093
124152
124220
124222
124245
124359
124401
124411
124446
124454
124460
124491
124512
124540
124565
124583
124590
124602
124637
124739
124751
124790
124842
124872
124930
124935
124936
124961
124975
124976
124995
124997
125058
125061
125111
125115
125206
125228
125336
125476
125488
125704
125875
125893
125919
125950
125965
125981
125988
126003
126006
126014
126017
126068
126069
126070
126074
126075
126133
126147
126208
126231
126248
126282
126295
126298
126299
126306
126308
126321
126326
126328
126374
126375
126382
126432
126433
126526
126549
126567
126626
126637
126638
126668
126669
126731
126789
126792
126820
126823
126859
126969
127002
127074
127253
127255
127262
127294
127396
127428
127435
127495
127544
127579
127602
127665
127687
127700
127703
127707
127731
127733
127795
127833
127943
128061
128077
128153
128209
128239
128272
128308
128312
128338
128346
128387
128414
128434
128486
128488
128497
128553
128611
128637
128646
128674
128853
128869
128876
128977
129025
129080
129138
129285
129293
129303
129401
129446
129450
129563
129607
129642
129685
129787
129804
129807
129831
129880
130026
130074
130120
130132
130271
130355
130367
130399
130497
130507
130535
130540
130557
130574
130576
130589
130617
130733
130749
130752
130814
130827
130888
130940
131096
131408
131566
131583
131601
131616
131870
131873
131890
131965
132001
132014
132158
132160
132204
132299
132320
132321
132660
132671
132789
132864
132884
132946
132949
132989
133015
133022
133121
133308
133383
133396
133418
133482
133522
133584
133619
133688
133746
133923
133957
134145
134147
134218
134265
134266
134285
134353
134359
134430
134492
134510
134548
134549
134553
134637
134728
134957
135112
135114
135138
135152
135228
135250
135293
135295
135458
135644
135892
135932
135941
136051
136259
136288
136306
136332
136647
136895
137209
137492
137682
137797
137814
137872
137886
137902
137970
137994
138009
138046
138050
138065
138151
138162
138241
138311
138428
138429
138474
138639
138715
138716
139065
139135
139231
139322
139341
139425
139596
139604
139728
139818
139886
140032
140290
140453
140459
140460
140461
140465
140467
140469
140545
140564
140576
140578
140609
140612
140680
140685
140686
140691
140700
140701
140707
140710
140730
140733
140735
140738
140739
140766
140775
140801
140803
140807
140809
140823
140825
140831
140862
140883
140885
140890
140901
142678
142679
142680
142683
142684
142685
142686
142891
142910
142940
143098
143187
143279
143282
143384
143458
143503
143570
143630
143662
143684
143689
143872
143879
143884
143888
143903
143941
144100
144108
144110
144132
144165
144193
144195
144233
144245
144321
144348
144404
144406
144423
144453
144455
144501
144568
144577
144608
144699
144715
144811
144983
145258
145282
145376
145389
145482
145483
145501
145508
145567
145581
145741
145748
145773
145814
145853
145864
145873
146050
146057
146059
146177
146198
146225
146227
146279
146310
146330
146433
146434
146540
146542
146547
146556
146562
146664
146691
146712
146754
146760
146853
146857
146909
146923
146956
147007
147011
147015
147111
147138
147179
147183
147184
147339
147372
147409
147463
147495
147657
147658
147685
147686
147687
147694
147699
147700
147741
147798
147807
147808
147837
147841
147912
147923
147929
147945
147948
147949
147965
147968
147991
148014
148022
148103
148113
148156
148206
148213
148223
148229
148254
148266
148268
148304
148327
148345
148362
148398
148418
148423
148479
148581
148641
148741
148789
148867
148932
148979
149041
149069
149076
149111
149175
149233
149281
149297
149345
149371
149420
149428
149473
149478
149483
149499
149603
149628
149951
149954
149986
150082
150159
150209
150223
150274
150275
150290
150297
150350
150353
150356
150372
150383
150465
150468
150483
150681
150684
150696
150709
150726
150737
150771
150864
150921
150962
151050
151056
151188
151194
151195
151242
151295
151313
151354
151473
151516
151525
151556
151613
151636
151742
151827
151887
151888
151903
151963
151987
152002
152006
152098
152100
152110
152137
152185
152189
152206
152273
152330
152404
152485
152503
152518
152559
152573
152579
152815
152831
152877
152926
152992
153020
153090
153129
153201
153222
153241
153396
153443
153478
153527
153562
153571
153572
153579
153642
153643
153733
153768
153769
153830
154007
154043
154064
154075
154091
154141
154197
154214
154215
154467
154661
154664
154790
154796
154807
154810
154881
155054
155061
155066
155435
157313
157378
157506
157567
157570
157638
157657
157680
157697
157753
157769
157773
157777
157855
157869
157922
158038
158055
158056
158067
158135
158158
158219
158234
158248
158326
158358
158405
158427
158431
158471
158511
158521
158584
158586
158747
158787
158809
158880
158931
159013
159090
159091
159195
159371
159963
160287
160298
160335
160418
160428
160518
160622
160760
160777
160851
160857
160897
161003
161145
161176
161253
161291
161357
161394
161424
161436
161725
161742
161753
161779
161823
161835
161882
161931
162073
162239
162387
162394
162417
162461
162515
162655
162681
162962
162963
162966
162967
162968
162972
162979
162989
162993
163033
163049
163050
163051
163059
163071
163081
163087
163115
163126
163131
163154
163175
163183
163223
163227
163255
163259
163351
163486
163589
163590
163778
163782
163786
163859
163882
164045
164091
164284
164395
164592
164656
164684
164832
165055
165140
165215
165324
165530
165545
165631
165679
165829
165918
166012
166336
166378
166379
166614
166785
166793
166815
166824
166929
166968
167127
167227
167555
167681
167691
168002
168374
168400
168417
168451
168507
168537
168544
168620
168667
168850
169026
169044
169200
169270
169522
169611
169714
169792
169841
170082
170261
170384
170394
170463
170487
170506
170572
170622
170626
170679
170680
170689
170690
170691
170692
170712
170850
170954
170959
170960
170961
171017
171019
171023
171024
171177
171389
171392
171425
171568
171586
192111
192134
192668
192683
195814
195828
196074
196264
196294
196374
196383
196385
196394
196403
196441
196463
196513
196527
196528
196740
196743
196883
196951
197131
197257
197258
197259
197320
197322
197335
197342
197358
197370
197407
199221
199223
199692
199699
199704
199713
199720
199731
199745
199746
199777
199786
199857
199870
199953
199974
200010
200014
200035
200081
200162
200172
200186
200205
200312
200315
200316
200350
200403
200407
200424
200539
200558
200576
200634
200728
200734
200844
200845
200879
200894
200916
200933
200942
200958
201134
201161
201163
201164
201176
201181
201191
201232
201255
201266
201292
201294
201299
201305
201456
201475
201501
201514
201595
201625
201626
201725
201780
201799
201931
202018
202052
202243
202333
202500
202559
202915
203054
203062
203068
203069
203102
203190
203228
203238
203245
203259
203260
203286
203328
203427
203523
203547
203569
204801
204851
204962
205327
205428
205564
206358
219285
219293
219333
219348
219402
219453
219527
219539
219541
219654
219681
219699
219736
219743
219749
219770
219771
219790
219833
219844
219854
219855
219870
219874
219899
219902
219927
219931
219970
219988
219995
220001
220004
220047
220074
220082
220108
220134
220164
220213
220323
220359
220382
220929
220963
220965
220979
220988
220992
221002
221037
221060
221061
221078
221079
221091
221092
221120
221150
221178
221184
221191
221294
221303
221391
221400
221416
221424
221458
221472
221477
221481
221496
221504
221527
221545
221656
221662
221687
221711
221749
221786
221806
221830
221895
221908
221914
221927
221935
221937
221955
222068
222171
222194
222223
222229
222234
222235
222236
222255
222256
222484
222553
222584
222643
222658
222663
222696
222950
222962
223082
223117
225689
245711
245812
245972
245973
246175
246243
246329
246330
246777
252839
252884
252969
252983
253012
253143
253152
253190
253260
253430
253461
253512
253558
253582
253639
253650
253714
253738
253769
253782
253827
253832
253943
253980
253982
254042
254048
254050
254065
254102
254122
254170
254173
254187
254225
254251
254263
254268
254295
254359
254394
254428
254531
254552
254827
254887
255027
255043
255104
255189
255239
255252
255275
255349
255394
255488
255520
255631
255738
255743
255758
255809
255877
255928
255967
256051
256130
256281
256309
256356
256364
256380
256435
256471
256472
256586
256691
256714
256764
256933
256949
256987
257019
257062
257068
257106
257160
257169
257194
257218
257236
257364
257397
257407
257629
258010
259173
259215
259217
259230
259232
259236
259249
259266
259282
259289
259292
259294
259295
259307
260425
260436
261726
261734
266675
266722
266727
266743
266747
266812
267002
280664
282679
282809
282890
282969
282973
282974
282996
283078
283130
283149
283152
283159
283209
283212
283219
283232
283234
283248
283254
283284
283316
283337
283349
283358
283373
283375
283377
283385
283417
283431
283455
283459
283464
283489
283518
283537
283554
283571
283578
283629
283635
283652
283659
283742
283748
283848
283849
283869
283871
283897
283899
283927
283951
283989
284001
284013
284018
284058
284076
284086
284098
284110
284114
284129
284131
284161
284207
284217
284252
284266
284273
284297
284306
284307
284309
284312
284323
284325
284338
284339
284346
284348
284349
284353
284358
284361
284370
284371
284390
284391
284403
284406
284417
284418
284434
284439
284443
284459
284467
284521
284611
284613
284615
284656
284695
284697
284716
284723
284904
284948
284992
284996
285148
285172
285175
285180
285190
285193
285195
285203
285220
285237
285267
285268
285282
285313
285315
285331
285335
285349
285362
285367
285368
285382
285386
285429
285440
285464
285489
285498
285513
285521
285527
285533
285590
285598
285600
285605
285613
285636
285671
285672
285679
285704
285753
285755
285761
285782
285800
285852
285855
285971
285973
285989
286046
286053
286075
286077
286128
286133
286148
286151
286204
286205
286256
286262
286336
286410
286451
286676
286826
286827
286887
317649
317662
317671
317761
317762
317772
317781
319101
326340
326624
326625
333926
337867
337876
337882
337970
338094
338321
338324
338440
338596
338657
338692
338699
338707
338761
338785
338809
339105
339123
339175
339210
339230
339231
339287
339318
339324
339327
339344
339366
339403
339416
339448
339451
339453
339488
339500
339501
339665
339745
339761
339768
339804
339834
339883
339977
340024
340061
340075
340146
340152
340156
340252
340267
340273
340277
340348
340351
340359
340371
340385
340485
340527
340542
340554
340578
340596
340706
340719
340784
341019
341032
341152
341208
341392
341405
341640
342125
342132
342184
342357
342372
342527
342574
342667
342908
342909
342926
342933
342945
342979
343035
343069
343099
343171
343450
344148
344558
344657
344787
344807
345062
345079
345193
345222
345274
345275
345462
345757
345778
345895
346007
346389
346525
346653
346689
347051
347148
347168
347240
347344
347365
347404
347454
347475
347517
347527
347733
347734
347735
347741
347744
347853
347902
348093
348094
348158
348180
348235
348327
348487
348654
348738
348793
348801
348938
348980
348995
349075
349136
349149
349565
349667
352909
352999
353088
353091
353116
353134
353137
353139
353141
353142
353149
353164
353174
353274
353288
353322
353355
353497
353500
359948
360023
360200
373156
373863
374291
374308
374354
374393
374395
374403
374407
374454
374462
374569
374618
374654
374655
374868
374875
374879
374882
374887
374900
374907
374918
374928
375033
375035
375056
375248
375287
375298
375316
375341
375444
375449
375686
375743
375748
375757
375759
375775
375790
376267
376497
376940
377007
377841
378884
386677
386724
387032
387103
387119
387129
387263
387264
387273
387338
387496
387509
387597
387707
387763
387787
387849
387911
387921
387990
388015
388021
388125
388228
388272
388284
388323
388324
388336
388389
388403
388468
388536
388558
388566
388567
388569
388591
388595
388611
388633
388650
388662
388695
388697
388730
388743
388931
388962
388963
388969
389058
389072
389090
389114
389136
389257
389336
389337
389362
389384
389432
389434
389549
389558
389610
389668
389677
389692
389840
390083
390110
390245
390264
390275
390445
390598
390637
390649
390874
390916
390927
390980
391059
391123
392255
392509
392636
394263
399473
399512
399664
399665
399671
399687
399694
399949
399979
400120
400224
400410
400451
400566
400569
400629
400673
400713
400720
400745
400793
400916
400954
401036
401138
401152
401262
401265
401399
401409
401466
401474
401505
401535
401541
401546
401548
401612
402055
402569
402573
402665
402778
403341
404037
404093
404281
404672
405753
414157
414328
415116
415117
439915
439921
439996
440021
440023
440026
440050
440077
440093
440107
440193
440275
440435
440503
440515
440533
440574
440590
440603
440738
440854
440955
441024
441054
441234
441282
441376
441381
441478
441531
441549
441933
442038
442213
448834
474344
492311
493829
493860
493861
493869
494143
494551
541565
548645
550631
553115
554235
554251
594855
606495
619189
619279
641649
642273
642843
642987
643236
643414
643641
643836
643853
643866
644524
644815
645121
645191
645369
645811
646480
646799
646962
647174
653121
653319
653643
653784
653808
654254
654463
692094
727800
727897
727936
728116
728215
728294
728464
728489
728621
728927
729238
729330
729359
729440
729475
729830
729920
729956
729967
729993
730051
752014
768211
100101467
100113407
100125288
100128569
100129842
100130311
100130742
100130958
100131755
100131827
100132386
100132476
100190949
100271715
100289635
100423062
100506736
100506742
100507436
102724473
105375355
